0 1
1 1
0 2
1 2 
0 3  
1 3  
0 4  
1 4  
0 5  
1 5  
0 6  
1 6  
0 8  
1 7  
0 9  
1 8  
0 10  
1 9  
0 11  
1 10  
0 12  
1 11  
0 13 
1 13  
2 15  
1 14  
2 19  
1 18  
2 23  
1 22  
2 27  
1 26  
2 31  
1 30  
2 35 
1 34 
2 39 
1 38 
2 43 
1 42 
2 47 
1 46 
2 51 
1 50 
2 55 
1 54 
0 16
1 12
0 17
1 16
0 21
1 20
0 25
1 24
0 29
1 28
0 33
1 32
0 38
1 36
0 42
1 40
0 46
1 44
0 50
1 48
0 54
1 52
0 58
1 1000
2 300
1 1001
2 301
1 1002
2 302
1 1003
2 303
1 1004
2 304
1 1005
2 305
1 1006
2 306
1 1007
0 110
1 107
0 111
1 111
0 115
1 115
0 119
1 119
0 123
1 123
0 127
1 127
0 131
1 131
0 135
1 108
2 110
1 109
2 114
1 113
2 118
1 117
2 122
1 121
2 126
1 125
2 130
1 129
2 134
1 133
0 100
1 100
0 101
1 101
0 102
1 102
0 103
1 103
0 104
1 104
0 105
1 105
0 106
1 106
0 107
